[ {
  "from" : 3,
  "to" : 9,
  "AVG_DURATION" : 8.761433,
  "MIN_DURATION" : 0.4182561,
  "MAX_DURATION" : 5.299144,
  "COUNT" : 5.3124895,
  "THROUGHPUT" : 8.378238,
  "ELEMENTS_PER_SECOND" : 7.6068635,
  "ERRORS" : 3.7814124,
  "ERRORS_PER_SECOND" : 3.1112027,
  "ERROR_RATE" : 9.897492,
  "AVG_TTFB" : 5.877125,
  "MIN_TTFB" : 7.8350353,
  "MAX_TTFB" : 0.47684023,
  "AVG" : 3.1497903
}, {
  "from" : 3,
  "to" : 9,
  "AVG_DURATION" : 8.761433,
  "MIN_DURATION" : 0.4182561,
  "MAX_DURATION" : 5.299144,
  "COUNT" : 5.3124895,
  "THROUGHPUT" : 8.378238,
  "ELEMENTS_PER_SECOND" : 7.6068635,
  "ERRORS" : 3.7814124,
  "ERRORS_PER_SECOND" : 3.1112027,
  "ERROR_RATE" : 9.897492,
  "AVG_TTFB" : 5.877125,
  "MIN_TTFB" : 7.8350353,
  "MAX_TTFB" : 0.47684023,
  "AVG" : 3.1497903
} ]