[ {
  "from" : 4,
  "to" : 7,
  "AVG_DURATION" : 9.132028,
  "MIN_DURATION" : 0.87740767,
  "MAX_DURATION" : 9.702964,
  "COUNT" : 0.5199002,
  "THROUGHPUT" : 7.933507,
  "ELEMENTS_PER_SECOND" : 5.507387,
  "ERRORS" : 4.863159,
  "ERRORS_PER_SECOND" : 6.0738983,
  "ERROR_RATE" : 8.251626,
  "AVG_TTFB" : 4.459605,
  "MIN_TTFB" : 3.9015453,
  "MAX_TTFB" : 0.43431398,
  "AVG" : 2.9409642
}, {
  "from" : 4,
  "to" : 7,
  "AVG_DURATION" : 9.132028,
  "MIN_DURATION" : 0.87740767,
  "MAX_DURATION" : 9.702964,
  "COUNT" : 0.5199002,
  "THROUGHPUT" : 7.933507,
  "ELEMENTS_PER_SECOND" : 5.507387,
  "ERRORS" : 4.863159,
  "ERRORS_PER_SECOND" : 6.0738983,
  "ERROR_RATE" : 8.251626,
  "AVG_TTFB" : 4.459605,
  "MIN_TTFB" : 3.9015453,
  "MAX_TTFB" : 0.43431398,
  "AVG" : 2.9409642
} ]